  Depth(m)  Tension(lbF) Speed(m/min) CCL()      GR()      Temp(C) Press(psi)  FlowUp(RPS) FlowDn(RPS) DiffPress(kPa/m) Spinner(RPS)
  3130.8100   373.6032     9.9836    85.0000    64.6923    87.2466  2167.3920    13.9422     0.0000     6.2145    13.9382
  3130.8405   373.5996    10.0250    85.0000    65.2848    87.2467  2167.4208    13.9401     0.0000     6.1798    13.9392
  3130.8710   373.5903    10.0584    85.0000    65.8840    87.2469  2167.4499    13.9390     0.0000     6.1335    13.9391
  3130.9015   373.5774    10.0930    85.0000    66.5001    87.2471  2167.4792    13.9387     0.0000     6.0827    13.9376
  3130.9320   373.5624    10.1345    85.0000    67.0960    87.2474  2167.5090    13.9378     0.0000     6.0306    13.9359
  3130.9625   373.5464    10.1790    85.0000    67.5685    87.2476  2167.5398    13.9352     0.0000     5.9757    13.9353
  3130.9930   373.5306    10.2241    85.0000    67.8536    87.2479  2167.5715    13.9303     0.0000     5.9159    13.9361
  3131.0235   373.5155    10.2752    85.0000    67.9298    87.2482  2167.6042    13.9232     0.0000     5.8505    13.9373
  3131.0540   373.5015    10.3430    85.0000    67.7628    87.2485  2167.6377    13.9150     0.0000     5.7783    13.9375
  3131.0845   373.4891    10.4222    85.0000    67.3386    87.2488  2167.6713    13.9069     0.0000     5.6982    13.9364
  3131.1150   373.4783    10.5014    85.0000    66.6639    87.2491  2167.7040    13.9004     0.0000     5.6094    13.9343
  3131.1455   373.4692    10.5781    82.5000    65.7765    87.2494  2167.7351    13.8967     0.0000     5.5096    13.9311
  3131.1760   373.4616    10.6504    87.3000    64.7240    87.2497  2167.7639    13.8969     0.0000     5.3970    13.9258
  3131.2065   373.4556    10.7131    85.0000    63.5376    87.2500  2167.7903    13.9019     0.0000     5.2765    13.9194
  3131.2370   373.4509    10.7554    82.3000    62.2840    87.2502  2167.8145    13.9114     0.0000     5.1573    13.9142
  3131.2675   373.4474    10.7736    87.6000    61.0534    87.2505  2167.8368    13.9255     0.0000     5.0475    13.9120
  3131.2980   373.4449    10.7658    85.0000    59.9154    87.2506  2167.8577    13.9442     0.0000     4.9544    13.9134
  3131.3285   373.4433    10.7239    85.0000    58.9113    87.2507  2167.8773    13.9661     0.0000     4.8851    13.9184
  3131.3590   373.4423    10.6587    85.0000    58.0870    87.2507  2167.8954    13.9887     0.0000     4.8402    13.9278
  3131.3895   373.4419    10.5872    85.0000    57.5065    87.2508  2167.9117    14.0096     0.0000     4.8156    13.9430
  3131.4200   373.4419    10.5062    85.0000    57.2056    87.2509  2167.9258    14.0270     0.0000     4.8068    13.9642
  3131.4505   373.4423    10.4087    85.0000    57.1429    87.2510  2167.9375    14.0394     0.0000     4.8047    13.9883
  3131.4810   373.4428    10.2912    85.0000    57.2230    87.2512  2167.9470    14.0458     0.0000     4.7987    14.0114
  3131.5115   373.4434    10.1627    85.0000    57.4033    87.2514  2167.9549    14.0461     0.0000     4.7809    14.0324
  3131.5420   373.4441    10.0443    85.0000    57.6429    87.2516  2167.9615    14.0403     0.0000     4.7435    14.0495
  3131.5725   373.4448     9.9462    85.0000    57.8382    87.2518  2167.9676    14.0285     0.0000     4.6778    14.0606
  3131.6030   373.4455     9.8670    85.0000    57.9211    87.2519  2167.9739    14.0127     0.0000     4.5779    14.0651
  3131.6335   373.4461     9.8070    85.0000    57.8969    87.2521  2167.9809    13.9960     0.0000     4.4437    14.0627
  3131.6640   373.4467     9.7683    85.0000    57.8563    87.2522  2167.9897    13.9801     0.0000     4.2800    14.0535
  3131.6945   373.4472     9.7490    85.0000    57.9211    87.2525  2168.0017    13.9665     0.0000     4.0906    14.0392
  3131.7250   373.4477     9.7418    85.0000    58.1475    87.2527  2168.0183    13.9585     0.0000     3.8771    14.0212
  3131.7555   373.4480     9.7396    85.0000    58.5693    87.2529  2168.0395    13.9584     0.0000     3.6461    14.0014
  3131.7860   373.4483     9.7385    85.0000    59.2409    87.2531  2168.0641    13.9685     0.0000     3.4059    13.9822
  3131.8165   373.4486     9.7460    85.0000    60.1962    87.2533  2168.0912    13.9898     0.0000     3.1592    13.9662
  3131.8470   373.4487     9.7676    85.0000    61.3761    87.2535  2168.1197    14.0208     0.0000     2.9073    13.9564
  3131.8775   373.4489     9.7903    85.0000    62.7111    87.2536  2168.1484    14.0580     0.0000     2.6547    13.9558
  3131.9080   373.4490     9.8040    85.0000    64.2485    87.2538  2168.1760    14.0976     0.0000     2.4088    13.9668
  3131.9385   373.4490     9.8119    85.0000    66.0247    87.2540  2168.2017    14.1347     0.0000     2.1782    13.9889
  3131.9690   373.4491     9.8262    85.0000    67.9952    87.2542  2168.2250    14.1658     0.0000     1.9732    14.0192
  3131.9995   373.4491     9.8588    85.0000    70.0640    87.2543  2168.2452    14.1907     0.0000     1.8025    14.0561
  3132.0300   373.4491     9.9029    85.0000    72.0639    87.2544  2168.2615    14.2080     0.0000     1.6691    14.0967
  3132.0605   373.4490     9.9476    85.0000    73.7938    87.2545  2168.2734    14.2160     0.0000     1.5725    14.1358
  3132.0910   373.4490     9.9962    85.0000    75.0977    87.2545  2168.2806    14.2151     0.0000     1.5113    14.1696
  3132.1215   373.4490    10.0461    85.0000    75.9744    87.2544  2168.2830    14.2053     0.0000     1.4844    14.1968
  3132.1520   373.4489    10.0895    85.0000    76.5188    87.2544  2168.2809    14.1863     0.0000     1.4901    14.2156
  3132.1825   373.4489    10.1315    85.0000    76.8034    87.2544  2168.2749    14.1602     0.0000     1.5287    14.2244
  3132.2130   373.4489    10.1756    85.0000    76.8813    87.2545  2168.2649    14.1303     0.0000     1.5987    14.2236
  3132.2435   373.4489    10.2269    85.0000    76.7782    87.2547  2168.2517    14.0975     0.0000     1.6891    14.2141
  3132.2740   373.4488    10.2890    85.0000    76.4712    87.2548  2168.2364    14.0623     0.0000     1.7880    14.1968
  3132.3045   373.4488    10.3489    85.0000    75.8758    87.2549  2168.2203    14.0268     0.0000     1.8867    14.1741
  3132.3350   373.4488    10.4051    85.0000    74.9431    87.2549  2168.2049    13.9934     0.0000     1.9739    14.1477
  3132.3655   373.4488    10.4713    85.0000    73.7461    87.2549  2168.1916    13.9629     0.0000     2.0419    14.1174
  3132.3960   373.4488    10.5454    85.0000    72.3987    87.2548  2168.1814    13.9359     0.0000     2.0903    14.0824
  3132.4265   373.4488    10.6046    85.0000    71.0399    87.2547  2168.1743    13.9132     0.0000     2.1228    14.0451
  3132.4570   373.4488    10.6341    85.0000    69.8369    87.2547  2168.1703    13.8971     0.0000     2.1434    14.0089
  3132.4875   373.4487    10.6348    85.0000    68.8715    87.2547  2168.1694    13.8902     0.0000     2.1553    13.9763
  3132.5180   373.4487    10.6046    85.0000    68.1376    87.2547  2168.1719    13.8934     0.0000     2.1604    13.9484
  3132.5485   373.4487    10.5531    85.0000    67.6370    87.2547  2168.1779    13.9062     0.0000     2.1603    13.9264
  3132.5790   373.4487    10.5034    85.0000    67.3993    87.2547  2168.1878    13.9280     0.0000     2.1561    13.9126
  3132.6095   373.4487    10.4570    85.0000    67.4345    87.2546  2168.2021    13.9577     0.0000     2.1508    13.9080
  3132.6400   373.4487    10.3996    85.0000    67.6938    87.2546  2168.2209    13.9949     0.0000     2.1514    13.9121
  3132.6705   373.4487    10.3292    85.0000    68.1319    87.2546  2168.2443    14.0379     0.0000     2.1663    13.9253
  3132.7010   373.4487    10.2524    85.0000    68.7521    87.2548  2168.2715    14.0819     0.0000     2.2044    13.9478
  3132.7315   373.4487    10.1674    85.0000    69.5982    87.2550  2168.3017    14.1241     0.0000     2.2742    13.9777
  3132.7620   373.4487    10.0724    85.0000    70.6811    87.2551  2168.3335    14.1637     0.0000     2.3808    14.0143
  3132.7925   373.4488     9.9883    85.0000    71.9267    87.2554  2168.3660    14.1992     0.0000     2.5248    14.0571
  3132.8230   373.4488     9.9337    85.0000    73.2688    87.2555  2168.3984    14.2287     0.0000     2.7055    14.1027
  3132.8535   373.4542     9.8988    85.0000    74.6440    87.2557  2168.4303    14.2515     0.0000     2.9223    14.1463
  3132.8840   373.4744     9.8703    85.0000    75.9936    87.2559  2168.4611    14.2659     0.0000     3.1684    14.1860
  3132.9145   373.5043     9.8475    85.0000    77.2489    87.2562  2168.4900    14.2699     0.0000     3.4324    14.2211
  3132.9450   373.5291     9.8342    85.0000    78.2870    87.2564  2168.5161    14.2643     0.0000     3.7048    14.2513
  3132.9755   373.5436     9.8277    85.0000    79.0778    87.2567  2168.5389    14.2507     0.0000     3.9758    14.2748
  3133.0060   373.5499     9.8241    85.0000    79.6706    87.2569  2168.5583    14.2288     0.0000     4.2389    14.2887
  3133.0365   373.5500     9.8232    85.0000    80.0387    87.2571  2168.5744    14.1989     0.0000     4.4915    14.2920
  3133.0670   373.5457     9.8297    85.0000    80.1230    87.2572  2168.5879    14.1625     0.0000     4.7312    14.2854
  3133.0975   373.5383     9.8543    85.0000    79.8929    87.2574  2168.6000    14.1224     0.0000     4.9565    14.2703
  3133.1280   373.5290     9.8983    85.0000    79.3678    87.2575  2168.6120    14.0814     0.0000     5.1648    14.2470
  3133.1585   373.5187     9.9465    85.0000    78.5854    87.2576  2168.6248    14.0421     0.0000     5.3521    14.2165
  3133.1890   373.5081     9.9807    85.0000    77.5683    87.2577  2168.6388    14.0071     0.0000     5.5105    14.1789
  3133.2195   373.4978    10.0037    85.0000    76.3814    87.2577  2168.6545    13.9780     0.0000     5.6311    14.1360
  3133.2500   373.4882    10.0330    85.0000    75.0794    87.2578  2168.6723    13.9549     0.0000     5.7102    14.0917
  3133.2805   373.4795    10.0670    85.0000    73.7181    87.2580  2168.6925    13.9374     0.0000     5.7462    14.0496
  3133.3110   373.4718    10.0896    85.0000    72.4395    87.2582  2168.7146    13.9252     0.0000     5.7389    14.0122
  3133.3415   373.4652    10.1006    85.0000    71.3597    87.2584  2168.7381    13.9187     0.0000     5.6925    13.9805
  3133.3720   373.4597    10.1109    85.0000    70.4553    87.2585  2168.7634    13.9184     0.0000     5.6179    13.9549
  3133.4025   373.4552    10.1227    85.0000    69.6849    87.2586  2168.7905    13.9252     0.0000     5.5304    13.9361